0000000000000000000000000000000000000000000000000000000000001000
0000000000000000000000000000000000000000000000000000000000000101
1111111011011100101110101001100001110110010101000011001000010000
0000000100100011010001010110011110001001101010111100110111101111
0000000000000000000000000000000000000000000000000000000000000000
0000000000000000000000000000000000000000000000000000000000000000
0000000000000000000000000000000000000000000000000000000000000000
0000000000000000000000000000000000000000000000000000000000000000
0000000000000000000000000000000000000000000000000000000000000000
0000000000000000000000000000000000000000000000000000000000000000
0000000000000000000000000000000000000000000000000000000000000000
0000000000000000000000000000000000000000000000000000000000000000