11111000010000000000001111100000
11111000010000001000001111100001
11111000010000010000001111101100
11111000010000011000001111101101
10001011000000010000000000000100
11001011000000010000000000011001
11001011000000000000000000110000
10101010000011010000000110011110
10001010000011010000000110001000
10101010000000010000000000011111
10110100000000000000000001111111
11111000000000100000000100111111
00010100000000000000000000000000
11111000000000100000001111100100
11111000000000101000001111111001
11111000000000110000001111110000
11111000000000111000001111111110
11111000000001000000001111101000
00010100000000000000000000000000
00000000000000000000000000000000
00000000000000000000000000000000
00000000000000000000000000000000